"age3"	"sex"	"race"	"year0"	"ex"	"Model"	"Standard Error"	"Flag"	"Joinpoints"	"Final Selected Model"
1	1	1	1999	78.72	79.02	0.18	NA	0	0
1	1	1	2000	80.02	79.09	0.18	NA	0	0
1	1	1	2001	79.43	79.15	0.17	NA	0	0
1	1	1	2002	79.33	79.21	0.17	NA	0	0
1	1	1	2003	78.87	79.28	0.17	NA	0	0
1	1	1	2004	79.30	79.34	0.17	NA	0	0
1	1	1	2005	78.97	79.40	0.16	NA	0	0
1	1	1	2006	79.27	79.47	0.16	NA	0	0
1	1	1	2007	79.55	79.53	0.16	NA	0	0
1	1	1	2008	79.61	79.59	0.16	NA	0	0
1	1	1	2009	79.70	79.66	0.16	NA	0	0
1	1	1	2010	79.49	79.72	0.15	NA	0	0
1	1	1	2011	79.66	79.78	0.16	NA	0	0
1	1	1	2012	80.12	79.85	0.16	NA	0	0
1	1	1	2013	80.17	79.91	0.15	NA	0	0
1	1	1	2014	79.88	79.97	0.15	NA	0	0
1	1	1	2015	79.75	80.04	0.15	NA	0	0
1	1	1	2016	80.06	80.10	0.16	NA	0	0
1	1	1	2017	79.87	80.17	0.16	NA	0	0
1	1	1	2018	80.85	80.23	0.16	NA	0	0
1	1	2	1999	86.62	86.71	0.07	NA	1	1
1	1	2	2000	86.98	86.91	0.07	NA	1	1
1	1	2	2001	87.08	87.11	0.07	NA	1	1
1	1	2	2002	87.34	87.31	0.07	NA	1	1
1	1	2	2003	87.35	87.50	0.06	NA	1	1
1	1	2	2004	87.85	87.70	0.06	NA	1	1
1	1	2	2005	87.95	87.90	0.06	NA	1	1
1	1	2	2006	88.14	88.10	0.06	NA	1	1
1	1	2	2007	88.52	88.30	0.06	NA	1	1
1	1	2	2008	88.29	88.50	0.06	NA	1	1
1	1	2	2009	88.70	88.70	0.05	NA	1	1
1	1	2	2010	88.81	88.90	0.05	NA	1	1
1	1	2	2011	89.23	89.10	0.05	NA	1	1
1	1	2	2012	89.12	89.31	0.05	NA	1	1
1	1	2	2013	89.46	89.51	0.05	NA	1	1
1	1	2	2014	89.98	89.71	0.05	Joinpoint 1	1	1
1	1	2	2015	89.65	89.75	0.05	NA	1	1
1	1	2	2016	89.74	89.78	0.05	NA	1	1
1	1	2	2017	89.73	89.82	0.05	NA	1	1
1	1	2	2018	89.96	89.85	0.05	NA	1	1
1	1	3	1999	74.91	74.88	0.04	NA	2	2
1	1	3	2000	75.01	75.05	0.04	NA	2	2
1	1	3	2001	75.25	75.22	0.04	NA	2	2
1	1	3	2002	75.31	75.39	0.04	NA	2	2
1	1	3	2003	75.54	75.56	0.04	Joinpoint 1	2	2
1	1	3	2004	75.97	75.90	0.04	NA	2	2
1	1	3	2005	76.10	76.24	0.04	NA	2	2
1	1	3	2006	76.59	76.58	0.04	NA	2	2
1	1	3	2007	76.96	76.93	0.04	NA	2	2
1	1	3	2008	77.30	77.27	0.04	NA	2	2
1	1	3	2009	77.79	77.62	0.04	NA	2	2
1	1	3	2010	78.06	77.97	0.04	NA	2	2
1	1	3	2011	78.27	78.32	0.04	NA	2	2
1	1	3	2012	78.60	78.68	0.04	Joinpoint 2	2	2
1	1	3	2013	78.61	78.69	0.04	NA	2	2
1	1	3	2014	78.78	78.71	0.04	NA	2	2
1	1	3	2015	78.75	78.73	0.04	NA	2	2
1	1	3	2016	78.62	78.75	0.04	NA	2	2
1	1	3	2017	78.77	78.76	0.03	NA	2	2
1	1	3	2018	78.84	78.78	0.03	NA	2	2
1	1	4	1999	79.85	79.84	0.01	NA	2	2
1	1	4	2000	79.87	79.88	0.01	NA	2	2
1	1	4	2001	79.92	79.92	0.01	NA	2	2
1	1	4	2002	79.94	79.95	0.01	Joinpoint 1	2	2
1	1	4	2003	80.05	80.12	0.01	NA	2	2
1	1	4	2004	80.40	80.28	0.01	NA	2	2
1	1	4	2005	80.36	80.44	0.01	NA	2	2
1	1	4	2006	80.65	80.60	0.01	NA	2	2
1	1	4	2007	80.85	80.77	0.01	NA	2	2
1	1	4	2008	80.80	80.93	0.01	NA	2	2
1	1	4	2009	81.18	81.10	0.01	NA	2	2
1	1	4	2010	81.20	81.26	0.01	Joinpoint 2	2	2
1	1	4	2011	81.17	81.25	0.01	NA	2	2
1	1	4	2012	81.30	81.24	0.01	NA	2	2
1	1	4	2013	81.28	81.23	0.01	NA	2	2
1	1	4	2014	81.33	81.22	0.01	NA	2	2
1	1	4	2015	81.11	81.21	0.01	NA	2	2
1	1	4	2016	81.18	81.20	0.01	NA	2	2
1	1	4	2017	81.09	81.19	0.01	NA	2	2
1	1	4	2018	81.26	81.18	0.01	NA	2	2
1	1	5	1999	83.04	82.93	0.05	NA	1	1
1	1	5	2000	83.28	83.15	0.05	NA	1	1
1	1	5	2001	83.26	83.37	0.04	NA	1	1
1	1	5	2002	83.55	83.60	0.04	NA	1	1
1	1	5	2003	83.57	83.82	0.04	NA	1	1
1	1	5	2004	84.22	84.05	0.04	NA	1	1
1	1	5	2005	84.10	84.27	0.04	NA	1	1
1	1	5	2006	84.42	84.50	0.04	NA	1	1
1	1	5	2007	84.87	84.73	0.04	NA	1	1
1	1	5	2008	84.83	84.95	0.04	NA	1	1
1	1	5	2009	85.43	85.18	0.04	NA	1	1
1	1	5	2010	85.44	85.41	0.04	NA	1	1
1	1	5	2011	85.84	85.64	0.04	NA	1	1
1	1	5	2012	85.83	85.87	0.04	NA	1	1
1	1	5	2013	85.96	86.10	0.03	NA	1	1
1	1	5	2014	86.34	86.33	0.03	Joinpoint 1	1	1
1	1	5	2015	86.31	86.37	0.03	NA	1	1
1	1	5	2016	86.39	86.41	0.03	NA	1	1
1	1	5	2017	86.43	86.44	0.03	NA	1	1
1	1	5	2018	86.51	86.48	0.03	NA	1	1
1	2	1	1999	73.25	73.54	0.18	NA	0	0
1	2	1	2000	74.20	73.56	0.18	NA	0	0
1	2	1	2001	73.82	73.57	0.18	NA	0	0
1	2	1	2002	73.44	73.59	0.18	NA	0	0
1	2	1	2003	73.09	73.61	0.17	NA	0	0
1	2	1	2004	73.57	73.63	0.17	NA	0	0
1	2	1	2005	73.12	73.64	0.17	NA	0	0
1	2	1	2006	73.62	73.66	0.17	NA	0	0
1	2	1	2007	73.55	73.68	0.17	NA	0	0
1	2	1	2008	73.62	73.70	0.17	NA	0	0
1	2	1	2009	74.22	73.71	0.17	NA	0	0
1	2	1	2010	73.64	73.73	0.16	NA	0	0
1	2	1	2011	74.23	73.75	0.16	NA	0	0
1	2	1	2012	74.10	73.77	0.17	NA	0	0
1	2	1	2013	74.17	73.79	0.16	NA	0	0
1	2	1	2014	73.93	73.80	0.16	NA	0	0
1	2	1	2015	73.71	73.82	0.16	NA	0	0
1	2	1	2016	73.43	73.84	0.16	NA	0	0
1	2	1	2017	73.69	73.86	0.16	NA	0	0
1	2	1	2018	73.72	73.87	0.17	NA	0	0
1	2	2	1999	81.27	81.48	0.07	NA	1	1
1	2	2	2000	81.55	81.74	0.07	NA	1	1
1	2	2	2001	81.98	81.99	0.07	NA	1	1
1	2	2	2002	82.20	82.25	0.07	NA	1	1
1	2	2	2003	82.50	82.50	0.07	NA	1	1
1	2	2	2004	83.08	82.76	0.07	NA	1	1
1	2	2	2005	82.95	83.02	0.07	NA	1	1
1	2	2	2006	83.29	83.28	0.06	NA	1	1
1	2	2	2007	83.75	83.53	0.06	NA	1	1
1	2	2	2008	83.99	83.79	0.06	NA	1	1
1	2	2	2009	84.23	84.06	0.06	NA	1	1
1	2	2	2010	84.10	84.32	0.06	NA	1	1
1	2	2	2011	84.65	84.58	0.06	NA	1	1
1	2	2	2012	84.81	84.84	0.06	NA	1	1
1	2	2	2013	84.70	85.11	0.06	NA	1	1
1	2	2	2014	85.54	85.37	0.06	Joinpoint 1	1	1
1	2	2	2015	85.36	85.39	0.05	NA	1	1
1	2	2	2016	85.47	85.40	0.05	NA	1	1
1	2	2	2017	85.35	85.42	0.05	NA	1	1
1	2	2	2018	85.47	85.44	0.05	NA	1	1
1	2	3	1999	67.79	67.81	0.04	NA	3	3
1	2	3	2000	68.11	68.09	0.04	NA	3	3
1	2	3	2001	68.45	68.37	0.04	NA	3	3
1	2	3	2002	68.63	68.65	0.04	NA	3	3
1	2	3	2003	68.78	68.94	0.04	NA	3	3
1	2	3	2004	69.34	69.22	0.04	NA	3	3
1	2	3	2005	69.41	69.51	0.04	NA	3	3
1	2	3	2006	69.79	69.79	0.04	Joinpoint 1	3	3
1	2	3	2007	70.25	70.28	0.04	NA	3	3
1	2	3	2008	70.85	70.78	0.04	NA	3	3
1	2	3	2009	71.36	71.27	0.04	NA	3	3
1	2	3	2010	71.82	71.77	0.04	NA	3	3
1	2	3	2011	72.19	72.27	0.04	Joinpoint 2	3	3
1	2	3	2012	72.34	72.36	0.04	NA	3	3
1	2	3	2013	72.38	72.44	0.04	NA	3	3
1	2	3	2014	72.65	72.52	0.04	Joinpoint 3	3	3
1	2	3	2015	72.37	72.37	0.04	NA	3	3
1	2	3	2016	72.07	72.21	0.04	NA	3	3
1	2	3	2017	72.00	72.06	0.04	NA	3	3
1	2	3	2018	72.02	71.90	0.04	NA	3	3
1	2	4	1999	74.67	74.57	0.01	NA	1	1
1	2	4	2000	74.77	74.74	0.01	NA	1	1
1	2	4	2001	74.91	74.91	0.01	NA	1	1
1	2	4	2002	74.94	75.08	0.01	NA	1	1
1	2	4	2003	75.14	75.25	0.01	NA	1	1
1	2	4	2004	75.54	75.43	0.01	NA	1	1
1	2	4	2005	75.52	75.60	0.01	NA	1	1
1	2	4	2006	75.80	75.77	0.02	NA	1	1
1	2	4	2007	76.02	75.94	0.02	NA	1	1
1	2	4	2008	76.03	76.11	0.01	NA	1	1
1	2	4	2009	76.40	76.29	0.01	NA	1	1
1	2	4	2010	76.46	76.46	0.01	NA	1	1
1	2	4	2011	76.49	76.64	0.01	Joinpoint 1	1	1
1	2	4	2012	76.64	76.59	0.01	NA	1	1
1	2	4	2013	76.62	76.55	0.01	NA	1	1
1	2	4	2014	76.63	76.51	0.01	NA	1	1
1	2	4	2015	76.46	76.47	0.01	NA	1	1
1	2	4	2016	76.33	76.43	0.02	NA	1	1
1	2	4	2017	76.26	76.38	0.02	NA	1	1
1	2	4	2018	76.44	76.34	0.01	NA	1	1
1	2	5	1999	77.23	76.94	0.05	NA	1	1
1	2	5	2000	77.42	77.24	0.05	NA	1	1
1	2	5	2001	77.60	77.53	0.05	NA	1	1
1	2	5	2002	77.71	77.83	0.05	NA	1	1
1	2	5	2003	77.95	78.13	0.05	NA	1	1
1	2	5	2004	78.60	78.43	0.05	NA	1	1
1	2	5	2005	78.21	78.73	0.04	NA	1	1
1	2	5	2006	78.88	79.03	0.04	NA	1	1
1	2	5	2007	79.30	79.34	0.04	NA	1	1
1	2	5	2008	79.70	79.64	0.04	NA	1	1
1	2	5	2009	80.12	79.95	0.04	NA	1	1
1	2	5	2010	80.16	80.26	0.04	NA	1	1
1	2	5	2011	80.84	80.56	0.04	NA	1	1
1	2	5	2012	80.89	80.87	0.04	NA	1	1
1	2	5	2013	81.01	81.18	0.04	Joinpoint 1	1	1
1	2	5	2014	81.27	81.16	0.04	NA	1	1
1	2	5	2015	81.21	81.13	0.04	NA	1	1
1	2	5	2016	81.06	81.11	0.04	NA	1	1
1	2	5	2017	81.07	81.08	0.04	NA	1	1
1	2	5	2018	81.05	81.06	0.04	NA	1	1
2	1	1	1999	55.11	55.35	0.16	NA	0	0
2	1	1	2000	56.28	55.41	0.17	NA	0	0
2	1	1	2001	55.80	55.47	0.16	NA	0	0
2	1	1	2002	55.69	55.53	0.16	NA	0	0
2	1	1	2003	55.11	55.59	0.15	NA	0	0
2	1	1	2004	55.67	55.65	0.16	NA	0	0
2	1	1	2005	55.30	55.71	0.15	NA	0	0
2	1	1	2006	55.55	55.77	0.15	NA	0	0
2	1	1	2007	55.86	55.82	0.15	NA	0	0
2	1	1	2008	55.91	55.88	0.15	NA	0	0
2	1	1	2009	56.09	55.94	0.15	NA	0	0
2	1	1	2010	55.62	56.00	0.14	NA	0	0
2	1	1	2011	55.93	56.06	0.14	NA	0	0
2	1	1	2012	56.36	56.12	0.15	NA	0	0
2	1	1	2013	56.25	56.18	0.14	NA	0	0
2	1	1	2014	56.09	56.24	0.14	NA	0	0
2	1	1	2015	56.07	56.30	0.14	NA	0	0
2	1	1	2016	56.45	56.36	0.14	NA	0	0
2	1	1	2017	56.23	56.42	0.14	NA	0	0
2	1	1	2018	57.04	56.48	0.14	NA	0	0
2	1	2	1999	62.34	62.41	0.07	NA	1	1
2	1	2	2000	62.67	62.60	0.07	NA	1	1
2	1	2	2001	62.73	62.78	0.06	NA	1	1
2	1	2	2002	62.98	62.97	0.06	NA	1	1
2	1	2	2003	63.04	63.16	0.06	NA	1	1
2	1	2	2004	63.47	63.34	0.06	NA	1	1
2	1	2	2005	63.61	63.53	0.06	NA	1	1
2	1	2	2006	63.77	63.72	0.06	NA	1	1
2	1	2	2007	64.14	63.91	0.05	NA	1	1
2	1	2	2008	63.88	64.10	0.05	NA	1	1
2	1	2	2009	64.31	64.29	0.05	NA	1	1
2	1	2	2010	64.36	64.48	0.05	NA	1	1
2	1	2	2011	64.75	64.68	0.05	NA	1	1
2	1	2	2012	64.68	64.87	0.05	NA	1	1
2	1	2	2013	65.03	65.06	0.05	NA	1	1
2	1	2	2014	65.52	65.25	0.05	Joinpoint 1	1	1
2	1	2	2015	65.23	65.31	0.04	NA	1	1
2	1	2	2016	65.34	65.36	0.04	NA	1	1
2	1	2	2017	65.35	65.42	0.04	NA	1	1
2	1	2	2018	65.56	65.48	0.04	NA	1	1
2	1	3	1999	51.56	51.51	0.04	NA	3	3
2	1	3	2000	51.62	51.64	0.03	NA	3	3
2	1	3	2001	51.75	51.78	0.03	NA	3	3
2	1	3	2002	51.87	51.91	0.03	NA	3	3
2	1	3	2003	52.05	52.05	0.03	Joinpoint 1	3	3
2	1	3	2004	52.51	52.39	0.03	NA	3	3
2	1	3	2005	52.63	52.74	0.03	NA	3	3
2	1	3	2006	53.13	53.09	0.03	NA	3	3
2	1	3	2007	53.46	53.44	0.03	NA	3	3
2	1	3	2008	53.74	53.79	0.03	NA	3	3
2	1	3	2009	54.20	54.14	0.03	Joinpoint 2	3	3
2	1	3	2010	54.37	54.39	0.03	NA	3	3
2	1	3	2011	54.56	54.63	0.03	NA	3	3
2	1	3	2012	54.87	54.88	0.03	Joinpoint 3	3	3
2	1	3	2013	54.91	54.92	0.03	NA	3	3
2	1	3	2014	55.06	54.97	0.03	NA	3	3
2	1	3	2015	55.07	55.01	0.03	NA	3	3
2	1	3	2016	55.00	55.05	0.03	NA	3	3
2	1	3	2017	55.09	55.10	0.03	NA	3	3
2	1	3	2018	55.13	55.14	0.03	NA	3	3
2	1	4	1999	55.71	55.54	0.01	NA	1	1
2	1	4	2000	55.72	55.67	0.01	NA	1	1
2	1	4	2001	55.76	55.80	0.01	NA	1	1
2	1	4	2002	55.79	55.93	0.01	NA	1	1
2	1	4	2003	55.90	56.06	0.01	NA	1	1
2	1	4	2004	56.26	56.20	0.01	NA	1	1
2	1	4	2005	56.21	56.33	0.01	NA	1	1
2	1	4	2006	56.50	56.46	0.01	NA	1	1
2	1	4	2007	56.70	56.59	0.01	NA	1	1
2	1	4	2008	56.62	56.73	0.01	NA	1	1
2	1	4	2009	56.97	56.86	0.01	NA	1	1
2	1	4	2010	56.98	57.00	0.01	Joinpoint 1	1	1
2	1	4	2011	56.93	56.99	0.01	NA	1	1
2	1	4	2012	57.05	56.98	0.01	NA	1	1
2	1	4	2013	57.02	56.97	0.01	NA	1	1
2	1	4	2014	57.07	56.96	0.01	NA	1	1
2	1	4	2015	56.87	56.95	0.01	NA	1	1
2	1	4	2016	56.94	56.94	0.01	NA	1	1
2	1	4	2017	56.82	56.93	0.01	NA	1	1
2	1	4	2018	56.98	56.92	0.01	NA	1	1
2	1	5	1999	58.89	58.80	0.04	NA	1	1
2	1	5	2000	59.13	59.01	0.04	NA	1	1
2	1	5	2001	59.06	59.22	0.04	NA	1	1
2	1	5	2002	59.36	59.43	0.04	NA	1	1
2	1	5	2003	59.40	59.64	0.04	NA	1	1
2	1	5	2004	60.01	59.85	0.04	NA	1	1
2	1	5	2005	59.93	60.06	0.04	NA	1	1
2	1	5	2006	60.23	60.28	0.04	NA	1	1
2	1	5	2007	60.69	60.49	0.04	NA	1	1
2	1	5	2008	60.60	60.71	0.04	NA	1	1
2	1	5	2009	61.20	60.92	0.04	NA	1	1
2	1	5	2010	61.14	61.14	0.03	NA	1	1
2	1	5	2011	61.53	61.36	0.03	NA	1	1
2	1	5	2012	61.51	61.57	0.03	NA	1	1
2	1	5	2013	61.64	61.79	0.03	NA	1	1
2	1	5	2014	62.03	62.01	0.03	Joinpoint 1	1	1
2	1	5	2015	62.00	62.05	0.03	NA	1	1
2	1	5	2016	62.10	62.10	0.03	NA	1	1
2	1	5	2017	62.14	62.14	0.03	NA	1	1
2	1	5	2018	62.19	62.18	0.03	NA	1	1
2	2	1	1999	50.26	50.61	0.17	NA	0	0
2	2	1	2000	51.15	50.62	0.17	NA	0	0
2	2	1	2001	50.89	50.63	0.17	NA	0	0
2	2	1	2002	50.45	50.63	0.16	NA	0	0
2	2	1	2003	50.22	50.64	0.16	NA	0	0
2	2	1	2004	50.64	50.65	0.16	NA	0	0
2	2	1	2005	50.09	50.65	0.16	NA	0	0
2	2	1	2006	50.74	50.66	0.16	NA	0	0
2	2	1	2007	50.56	50.67	0.15	NA	0	0
2	2	1	2008	50.61	50.67	0.15	NA	0	0
2	2	1	2009	51.24	50.68	0.16	NA	0	0
2	2	1	2010	50.69	50.69	0.15	NA	0	0
2	2	1	2011	51.07	50.69	0.15	NA	0	0
2	2	1	2012	51.07	50.70	0.15	NA	0	0
2	2	1	2013	51.01	50.71	0.15	NA	0	0
2	2	1	2014	50.83	50.71	0.15	NA	0	0
2	2	1	2015	50.49	50.72	0.15	NA	0	0
2	2	1	2016	50.37	50.73	0.15	NA	0	0
2	2	1	2017	50.54	50.73	0.15	NA	0	0
2	2	1	2018	50.63	50.74	0.15	NA	0	0
2	2	2	1999	57.16	57.40	0.07	NA	1	1
2	2	2	2000	57.50	57.65	0.07	NA	1	1
2	2	2	2001	57.85	57.89	0.07	NA	1	1
2	2	2	2002	58.10	58.13	0.07	NA	1	1
2	2	2	2003	58.39	58.38	0.06	NA	1	1
2	2	2	2004	58.91	58.62	0.06	NA	1	1
2	2	2	2005	58.81	58.87	0.06	NA	1	1
2	2	2	2006	59.18	59.12	0.06	NA	1	1
2	2	2	2007	59.66	59.37	0.06	NA	1	1
2	2	2	2008	59.79	59.62	0.06	NA	1	1
2	2	2	2009	59.99	59.87	0.06	NA	1	1
2	2	2	2010	59.88	60.12	0.06	NA	1	1
2	2	2	2011	60.41	60.37	0.05	NA	1	1
2	2	2	2012	60.58	60.63	0.05	NA	1	1
2	2	2	2013	60.49	60.88	0.05	NA	1	1
2	2	2	2014	61.31	61.14	0.05	Joinpoint 1	1	1
2	2	2	2015	61.18	61.18	0.05	NA	1	1
2	2	2	2016	61.34	61.22	0.05	NA	1	1
2	2	2	2017	61.21	61.27	0.05	NA	1	1
2	2	2	2018	61.30	61.31	0.05	NA	1	1
2	2	3	1999	45.22	45.20	0.04	NA	3	3
2	2	3	2000	45.47	45.45	0.04	NA	3	3
2	2	3	2001	45.74	45.70	0.04	NA	3	3
2	2	3	2002	45.90	45.96	0.04	NA	3	3
2	2	3	2003	46.08	46.22	0.04	NA	3	3
2	2	3	2004	46.59	46.47	0.04	NA	3	3
2	2	3	2005	46.72	46.73	0.04	Joinpoint 1	3	3
2	2	3	2006	47.09	47.13	0.04	NA	3	3
2	2	3	2007	47.50	47.54	0.04	NA	3	3
2	2	3	2008	48.02	47.95	0.03	NA	3	3
2	2	3	2009	48.46	48.36	0.04	NA	3	3
2	2	3	2010	48.80	48.78	0.03	NA	3	3
2	2	3	2011	49.14	49.20	0.03	Joinpoint 2	3	3
2	2	3	2012	49.28	49.29	0.03	NA	3	3
2	2	3	2013	49.27	49.38	0.03	NA	3	3
2	2	3	2014	49.55	49.47	0.03	Joinpoint 3	3	3
2	2	3	2015	49.38	49.34	0.03	NA	3	3
2	2	3	2016	49.14	49.22	0.03	NA	3	3
2	2	3	2017	49.06	49.09	0.03	NA	3	3
2	2	3	2018	49.02	48.97	0.03	NA	3	3
2	2	4	1999	50.95	50.91	0.01	NA	1	1
2	2	4	2000	51.06	51.07	0.01	NA	1	1
2	2	4	2001	51.19	51.22	0.01	NA	1	1
2	2	4	2002	51.24	51.38	0.01	NA	1	1
2	2	4	2003	51.44	51.54	0.01	NA	1	1
2	2	4	2004	51.83	51.69	0.01	NA	1	1
2	2	4	2005	51.83	51.85	0.01	NA	1	1
2	2	4	2006	52.10	52.01	0.01	NA	1	1
2	2	4	2007	52.31	52.17	0.01	NA	1	1
2	2	4	2008	52.28	52.33	0.01	NA	1	1
2	2	4	2009	52.58	52.49	0.01	NA	1	1
2	2	4	2010	52.62	52.65	0.01	NA	1	1
2	2	4	2011	52.65	52.81	0.01	Joinpoint 1	1	1
2	2	4	2012	52.77	52.76	0.01	NA	1	1
2	2	4	2013	52.74	52.71	0.01	NA	1	1
2	2	4	2014	52.74	52.65	0.01	NA	1	1
2	2	4	2015	52.58	52.60	0.01	NA	1	1
2	2	4	2016	52.49	52.55	0.01	NA	1	1
2	2	4	2017	52.39	52.49	0.01	NA	1	1
2	2	4	2018	52.53	52.44	0.01	NA	1	1
2	2	5	1999	53.53	53.38	0.05	NA	1	1
2	2	5	2000	53.76	53.64	0.05	NA	1	1
2	2	5	2001	53.90	53.91	0.05	NA	1	1
2	2	5	2002	54.05	54.18	0.04	NA	1	1
2	2	5	2003	54.31	54.45	0.04	NA	1	1
2	2	5	2004	54.94	54.72	0.04	NA	1	1
2	2	5	2005	54.58	55.00	0.04	NA	1	1
2	2	5	2006	55.23	55.27	0.04	NA	1	1
2	2	5	2007	55.62	55.55	0.04	NA	1	1
2	2	5	2008	55.92	55.83	0.04	NA	1	1
2	2	5	2009	56.29	56.11	0.04	NA	1	1
2	2	5	2010	56.25	56.39	0.04	NA	1	1
2	2	5	2011	56.89	56.67	0.04	NA	1	1
2	2	5	2012	56.93	56.95	0.04	NA	1	1
2	2	5	2013	57.02	57.24	0.04	Joinpoint 1	1	1
2	2	5	2014	57.31	57.22	0.04	NA	1	1
2	2	5	2015	57.28	57.21	0.04	NA	1	1
2	2	5	2016	57.17	57.19	0.04	NA	1	1
2	2	5	2017	57.18	57.17	0.03	NA	1	1
2	2	5	2018	57.12	57.16	0.03	NA	1	1
3	1	1	1999	19.88	20.44	0.15	NA	1	1
3	1	1	2000	20.93	20.44	0.15	NA	1	1
3	1	1	2001	20.63	20.44	0.15	NA	1	1
3	1	1	2002	20.54	20.45	0.14	NA	1	1
3	1	1	2003	20.25	20.45	0.14	NA	1	1
3	1	1	2004	20.68	20.45	0.14	NA	1	1
3	1	1	2005	20.23	20.46	0.13	NA	1	1
3	1	1	2006	20.49	20.46	0.13	Joinpoint 1	1	1
3	1	1	2007	20.84	20.67	0.13	NA	1	1
3	1	1	2008	21.00	20.88	0.13	NA	1	1
3	1	1	2009	21.45	21.09	0.13	NA	1	1
3	1	1	2010	20.84	21.31	0.12	NA	1	1
3	1	1	2011	21.39	21.53	0.12	NA	1	1
3	1	1	2012	21.88	21.75	0.12	NA	1	1
3	1	1	2013	21.99	21.97	0.12	NA	1	1
3	1	1	2014	21.95	22.19	0.12	NA	1	1
3	1	1	2015	22.11	22.42	0.11	NA	1	1
3	1	1	2016	22.75	22.65	0.12	NA	1	1
3	1	1	2017	22.81	22.88	0.11	NA	1	1
3	1	1	2018	23.47	23.11	0.11	NA	1	1
3	1	2	1999	24.61	24.69	0.06	NA	0	0
3	1	2	2000	24.90	24.84	0.06	NA	0	0
3	1	2	2001	24.93	24.98	0.06	NA	0	0
3	1	2	2002	25.08	25.13	0.06	NA	0	0
3	1	2	2003	25.11	25.27	0.05	NA	0	0
3	1	2	2004	25.45	25.42	0.05	NA	0	0
3	1	2	2005	25.63	25.57	0.05	NA	0	0
3	1	2	2006	25.74	25.71	0.05	NA	0	0
3	1	2	2007	26.05	25.86	0.05	NA	0	0
3	1	2	2008	25.76	26.01	0.05	NA	0	0
3	1	2	2009	26.11	26.17	0.05	NA	0	0
3	1	2	2010	26.20	26.32	0.05	NA	0	0
3	1	2	2011	26.66	26.47	0.05	NA	0	0
3	1	2	2012	26.56	26.62	0.04	NA	0	0
3	1	2	2013	26.88	26.78	0.04	NA	0	0
3	1	2	2014	27.34	26.93	0.04	NA	0	0
3	1	2	2015	27.09	27.09	0.04	NA	0	0
3	1	2	2016	27.27	27.25	0.04	NA	0	0
3	1	2	2017	27.23	27.41	0.04	NA	0	0
3	1	2	2018	27.43	27.56	0.04	NA	0	0
3	1	3	1999	17.63	17.63	0.03	NA	2	2
3	1	3	2000	17.69	17.70	0.03	NA	2	2
3	1	3	2001	17.80	17.78	0.03	NA	2	2
3	1	3	2002	17.84	17.86	0.03	Joinpoint 1	2	2
3	1	3	2003	18.02	18.07	0.03	NA	2	2
3	1	3	2004	18.31	18.28	0.03	NA	2	2
3	1	3	2005	18.37	18.50	0.03	NA	2	2
3	1	3	2006	18.80	18.71	0.03	NA	2	2
3	1	3	2007	18.97	18.94	0.03	NA	2	2
3	1	3	2008	19.15	19.16	0.03	NA	2	2
3	1	3	2009	19.58	19.39	0.03	NA	2	2
3	1	3	2010	19.60	19.61	0.03	NA	2	2
3	1	3	2011	19.76	19.85	0.03	NA	2	2
3	1	3	2012	20.03	20.08	0.03	Joinpoint 2	2	2
3	1	3	2013	20.08	20.15	0.03	NA	2	2
3	1	3	2014	20.31	20.22	0.03	NA	2	2
3	1	3	2015	20.30	20.30	0.02	NA	2	2
3	1	3	2016	20.37	20.37	0.02	NA	2	2
3	1	3	2017	20.43	20.44	0.02	NA	2	2
3	1	3	2018	20.50	20.51	0.02	NA	2	2
3	1	4	1999	19.15	19.01	0.01	NA	1	1
3	1	4	2000	19.18	19.14	0.01	NA	1	1
3	1	4	2001	19.27	19.27	0.01	NA	1	1
3	1	4	2002	19.28	19.41	0.01	NA	1	1
3	1	4	2003	19.40	19.54	0.01	NA	1	1
3	1	4	2004	19.73	19.68	0.01	NA	1	1
3	1	4	2005	19.69	19.82	0.01	NA	1	1
3	1	4	2006	20.00	19.96	0.01	NA	1	1
3	1	4	2007	20.19	20.09	0.01	NA	1	1
3	1	4	2008	20.11	20.24	0.01	NA	1	1
3	1	4	2009	20.53	20.38	0.01	NA	1	1
3	1	4	2010	20.48	20.52	0.01	Joinpoint 1	1	1
3	1	4	2011	20.51	20.56	0.01	NA	1	1
3	1	4	2012	20.64	20.60	0.01	NA	1	1
3	1	4	2013	20.64	20.64	0.01	NA	1	1
3	1	4	2014	20.79	20.68	0.01	NA	1	1
3	1	4	2015	20.63	20.72	0.01	NA	1	1
3	1	4	2016	20.82	20.75	0.01	NA	1	1
3	1	4	2017	20.72	20.79	0.01	NA	1	1
3	1	4	2018	20.84	20.83	0.01	NA	1	1
3	1	5	1999	21.80	21.71	0.04	NA	1	1
3	1	5	2000	22.04	21.88	0.04	NA	1	1
3	1	5	2001	21.97	22.06	0.04	NA	1	1
3	1	5	2002	22.20	22.25	0.04	NA	1	1
3	1	5	2003	22.23	22.43	0.04	NA	1	1
3	1	5	2004	22.75	22.61	0.04	NA	1	1
3	1	5	2005	22.64	22.80	0.03	NA	1	1
3	1	5	2006	22.94	22.98	0.03	NA	1	1
3	1	5	2007	23.32	23.17	0.03	NA	1	1
3	1	5	2008	23.19	23.36	0.03	NA	1	1
3	1	5	2009	23.85	23.55	0.03	NA	1	1
3	1	5	2010	23.69	23.75	0.03	NA	1	1
3	1	5	2011	24.03	23.94	0.03	NA	1	1
3	1	5	2012	24.06	24.14	0.03	NA	1	1
3	1	5	2013	24.20	24.34	0.03	NA	1	1
3	1	5	2014	24.62	24.54	0.03	Joinpoint 1	1	1
3	1	5	2015	24.58	24.62	0.03	NA	1	1
3	1	5	2016	24.77	24.70	0.03	NA	1	1
3	1	5	2017	24.78	24.78	0.03	NA	1	1
3	1	5	2018	24.84	24.87	0.03	NA	1	1
3	2	1	1999	17.07	17.26	0.16	NA	0	0
3	2	1	2000	18.06	17.41	0.16	NA	0	0
3	2	1	2001	18.02	17.55	0.15	NA	0	0
3	2	1	2002	17.75	17.70	0.15	NA	0	0
3	2	1	2003	17.65	17.85	0.14	NA	0	0
3	2	1	2004	18.04	18.00	0.14	NA	0	0
3	2	1	2005	17.91	18.16	0.13	NA	0	0
3	2	1	2006	18.40	18.31	0.14	NA	0	0
3	2	1	2007	18.13	18.47	0.13	NA	0	0
3	2	1	2008	18.40	18.62	0.13	NA	0	0
3	2	1	2009	19.09	18.78	0.14	NA	0	0
3	2	1	2010	18.52	18.94	0.13	NA	0	0
3	2	1	2011	18.94	19.10	0.13	NA	0	0
3	2	1	2012	19.35	19.26	0.13	NA	0	0
3	2	1	2013	19.29	19.42	0.12	NA	0	0
3	2	1	2014	19.64	19.59	0.12	NA	0	0
3	2	1	2015	19.75	19.75	0.12	NA	0	0
3	2	1	2016	19.75	19.92	0.12	NA	0	0
3	2	1	2017	20.18	20.09	0.12	NA	0	0
3	2	1	2018	20.67	20.26	0.12	NA	0	0
3	2	2	1999	20.34	20.53	0.06	NA	1	1
3	2	2	2000	20.67	20.75	0.06	NA	1	1
3	2	2	2001	21.08	20.97	0.06	NA	1	1
3	2	2	2002	21.18	21.19	0.06	NA	1	1
3	2	2	2003	21.39	21.42	0.06	NA	1	1
3	2	2	2004	21.86	21.64	0.06	NA	1	1
3	2	2	2005	21.79	21.87	0.06	NA	1	1
3	2	2	2006	22.14	22.10	0.05	NA	1	1
3	2	2	2007	22.55	22.34	0.05	NA	1	1
3	2	2	2008	22.66	22.57	0.05	NA	1	1
3	2	2	2009	22.89	22.81	0.05	NA	1	1
3	2	2	2010	22.72	23.05	0.05	NA	1	1
3	2	2	2011	23.30	23.30	0.05	NA	1	1
3	2	2	2012	23.54	23.55	0.05	NA	1	1
3	2	2	2013	23.47	23.79	0.05	NA	1	1
3	2	2	2014	24.31	24.05	0.05	Joinpoint 1	1	1
3	2	2	2015	24.10	24.14	0.04	NA	1	1
3	2	2	2016	24.43	24.24	0.04	NA	1	1
3	2	2	2017	24.24	24.34	0.04	NA	1	1
3	2	2	2018	24.43	24.44	0.04	NA	1	1
3	2	3	1999	14.13	14.05	0.03	NA	2	2
3	2	3	2000	14.28	14.24	0.03	NA	2	2
3	2	3	2001	14.44	14.44	0.03	NA	2	2
3	2	3	2002	14.61	14.64	0.03	NA	2	2
3	2	3	2003	14.75	14.85	0.03	NA	2	2
3	2	3	2004	15.06	15.05	0.03	NA	2	2
3	2	3	2005	15.21	15.26	0.03	NA	2	2
3	2	3	2006	15.49	15.48	0.03	NA	2	2
3	2	3	2007	15.69	15.69	0.03	NA	2	2
3	2	3	2008	15.88	15.91	0.03	NA	2	2
3	2	3	2009	16.27	16.13	0.03	NA	2	2
3	2	3	2010	16.30	16.36	0.03	NA	2	2
3	2	3	2011	16.62	16.59	0.03	Joinpoint 1	2	2
3	2	3	2012	16.76	16.73	0.03	NA	2	2
3	2	3	2013	16.80	16.87	0.03	NA	2	2
3	2	3	2014	17.03	17.02	0.03	Joinpoint 2	2	2
3	2	3	2015	17.04	17.02	0.03	NA	2	2
3	2	3	2016	17.03	17.02	0.03	NA	2	2
3	2	3	2017	17.05	17.02	0.03	NA	2	2
3	2	3	2018	17.00	17.03	0.03	NA	2	2
3	2	4	1999	16.10	16.06	0.01	NA	1	1
3	2	4	2000	16.25	16.25	0.01	NA	1	1
3	2	4	2001	16.45	16.43	0.01	NA	1	1
3	2	4	2002	16.51	16.62	0.01	NA	1	1
3	2	4	2003	16.74	16.80	0.01	NA	1	1
3	2	4	2004	17.09	16.99	0.01	NA	1	1
3	2	4	2005	17.15	17.19	0.01	NA	1	1
3	2	4	2006	17.46	17.38	0.01	NA	1	1
3	2	4	2007	17.66	17.58	0.01	NA	1	1
3	2	4	2008	17.66	17.78	0.01	NA	1	1
3	2	4	2009	17.96	17.98	0.01	Joinpoint 1	1	1
3	2	4	2010	17.96	18.03	0.01	NA	1	1
3	2	4	2011	18.06	18.08	0.01	NA	1	1
3	2	4	2012	18.21	18.13	0.01	NA	1	1
3	2	4	2013	18.23	18.19	0.01	NA	1	1
3	2	4	2014	18.32	18.24	0.01	NA	1	1
3	2	4	2015	18.26	18.29	0.01	NA	1	1
3	2	4	2016	18.38	18.34	0.01	NA	1	1
3	2	4	2017	18.33	18.39	0.01	NA	1	1
3	2	4	2018	18.42	18.45	0.01	NA	1	1
3	2	5	1999	18.52	18.47	0.04	NA	1	1
3	2	5	2000	18.72	18.67	0.04	NA	1	1
3	2	5	2001	18.82	18.88	0.04	NA	1	1
3	2	5	2002	18.95	19.08	0.04	NA	1	1
3	2	5	2003	19.23	19.29	0.04	NA	1	1
3	2	5	2004	19.72	19.50	0.04	NA	1	1
3	2	5	2005	19.35	19.71	0.04	NA	1	1
3	2	5	2006	19.96	19.92	0.04	NA	1	1
3	2	5	2007	20.28	20.14	0.04	NA	1	1
3	2	5	2008	20.47	20.35	0.04	NA	1	1
3	2	5	2009	20.79	20.58	0.04	NA	1	1
3	2	5	2010	20.54	20.80	0.04	NA	1	1
3	2	5	2011	21.21	21.02	0.04	NA	1	1
3	2	5	2012	21.28	21.25	0.04	NA	1	1
3	2	5	2013	21.35	21.48	0.03	NA	1	1
3	2	5	2014	21.68	21.71	0.03	Joinpoint 1	1	1
3	2	5	2015	21.72	21.74	0.03	NA	1	1
3	2	5	2016	21.79	21.77	0.03	NA	1	1
3	2	5	2017	21.81	21.79	0.03	NA	1	1
3	2	5	2018	21.80	21.82	0.03	NA	1	1
